{
 "cells": [
  {
   "cell_type": "code",
   "execution_count": 1,
   "id": "eafdb3e3",
   "metadata": {},
   "outputs": [],
   "source": [
    "# importing the libraries\n",
    "\n",
    "import numpy as np\n",
    "import pandas as pd\n",
    "import matplotlib.pyplot as plt\n",
    "\n",
    "# Ignore harmless warnings\n",
    "import warnings\n",
    "warnings.filterwarnings(\"ignore\")"
   ]
  },
  {
   "cell_type": "code",
   "execution_count": 2,
   "id": "7da6a430",
   "metadata": {},
   "outputs": [
    {
     "data": {
      "text/html": [
       "<div>\n",
       "<style scoped>\n",
       "    .dataframe tbody tr th:only-of-type {\n",
       "        vertical-align: middle;\n",
       "    }\n",
       "\n",
       "    .dataframe tbody tr th {\n",
       "        vertical-align: top;\n",
       "    }\n",
       "\n",
       "    .dataframe thead th {\n",
       "        text-align: right;\n",
       "    }\n",
       "</style>\n",
       "<table border=\"1\" class=\"dataframe\">\n",
       "  <thead>\n",
       "    <tr style=\"text-align: right;\">\n",
       "      <th></th>\n",
       "      <th>response</th>\n",
       "      <th>V1</th>\n",
       "      <th>V2</th>\n",
       "      <th>V3</th>\n",
       "      <th>V4</th>\n",
       "      <th>V5</th>\n",
       "      <th>V6</th>\n",
       "      <th>V7</th>\n",
       "      <th>V8</th>\n",
       "      <th>V9</th>\n",
       "      <th>V10</th>\n",
       "      <th>V11</th>\n",
       "      <th>V12</th>\n",
       "      <th>V13</th>\n",
       "    </tr>\n",
       "  </thead>\n",
       "  <tbody>\n",
       "    <tr>\n",
       "      <th>0</th>\n",
       "      <td>1</td>\n",
       "      <td>1.25179</td>\n",
       "      <td>0.0</td>\n",
       "      <td>8.14</td>\n",
       "      <td>0</td>\n",
       "      <td>0.538</td>\n",
       "      <td>5.570</td>\n",
       "      <td>98.1</td>\n",
       "      <td>3.7979</td>\n",
       "      <td>4</td>\n",
       "      <td>307</td>\n",
       "      <td>21.0</td>\n",
       "      <td>376.57</td>\n",
       "      <td>21.02</td>\n",
       "    </tr>\n",
       "    <tr>\n",
       "      <th>1</th>\n",
       "      <td>1</td>\n",
       "      <td>0.84054</td>\n",
       "      <td>0.0</td>\n",
       "      <td>8.14</td>\n",
       "      <td>0</td>\n",
       "      <td>0.538</td>\n",
       "      <td>5.599</td>\n",
       "      <td>85.7</td>\n",
       "      <td>4.4546</td>\n",
       "      <td>4</td>\n",
       "      <td>307</td>\n",
       "      <td>21.0</td>\n",
       "      <td>303.42</td>\n",
       "      <td>16.51</td>\n",
       "    </tr>\n",
       "    <tr>\n",
       "      <th>2</th>\n",
       "      <td>1</td>\n",
       "      <td>1.13081</td>\n",
       "      <td>0.0</td>\n",
       "      <td>8.14</td>\n",
       "      <td>0</td>\n",
       "      <td>0.538</td>\n",
       "      <td>5.713</td>\n",
       "      <td>94.1</td>\n",
       "      <td>4.2330</td>\n",
       "      <td>4</td>\n",
       "      <td>307</td>\n",
       "      <td>21.0</td>\n",
       "      <td>360.17</td>\n",
       "      <td>22.60</td>\n",
       "    </tr>\n",
       "    <tr>\n",
       "      <th>3</th>\n",
       "      <td>1</td>\n",
       "      <td>1.38799</td>\n",
       "      <td>0.0</td>\n",
       "      <td>8.14</td>\n",
       "      <td>0</td>\n",
       "      <td>0.538</td>\n",
       "      <td>5.950</td>\n",
       "      <td>82.0</td>\n",
       "      <td>3.9900</td>\n",
       "      <td>4</td>\n",
       "      <td>307</td>\n",
       "      <td>21.0</td>\n",
       "      <td>232.60</td>\n",
       "      <td>27.71</td>\n",
       "    </tr>\n",
       "    <tr>\n",
       "      <th>4</th>\n",
       "      <td>1</td>\n",
       "      <td>1.15172</td>\n",
       "      <td>0.0</td>\n",
       "      <td>8.14</td>\n",
       "      <td>0</td>\n",
       "      <td>0.538</td>\n",
       "      <td>5.701</td>\n",
       "      <td>95.0</td>\n",
       "      <td>3.7872</td>\n",
       "      <td>4</td>\n",
       "      <td>307</td>\n",
       "      <td>21.0</td>\n",
       "      <td>358.77</td>\n",
       "      <td>18.35</td>\n",
       "    </tr>\n",
       "  </tbody>\n",
       "</table>\n",
       "</div>"
      ],
      "text/plain": [
       "   response       V1   V2    V3  V4     V5     V6    V7      V8  V9  V10  \\\n",
       "0         1  1.25179  0.0  8.14   0  0.538  5.570  98.1  3.7979   4  307   \n",
       "1         1  0.84054  0.0  8.14   0  0.538  5.599  85.7  4.4546   4  307   \n",
       "2         1  1.13081  0.0  8.14   0  0.538  5.713  94.1  4.2330   4  307   \n",
       "3         1  1.38799  0.0  8.14   0  0.538  5.950  82.0  3.9900   4  307   \n",
       "4         1  1.15172  0.0  8.14   0  0.538  5.701  95.0  3.7872   4  307   \n",
       "\n",
       "    V11     V12    V13  \n",
       "0  21.0  376.57  21.02  \n",
       "1  21.0  303.42  16.51  \n",
       "2  21.0  360.17  22.60  \n",
       "3  21.0  232.60  27.71  \n",
       "4  21.0  358.77  18.35  "
      ]
     },
     "execution_count": 2,
     "metadata": {},
     "output_type": "execute_result"
    }
   ],
   "source": [
    "# Load the 'bostonhousing_ord' dataset by using pandas library\n",
    "\n",
    "BHdata = pd.read_csv(r\"D:\\iiit notes\\Internship\\16 season 2 jun-2021\\bostonhousing_ord.csv\", header = 0)\n",
    "BHdata.head()"
   ]
  },
  {
   "cell_type": "code",
   "execution_count": 3,
   "id": "1f9fef58",
   "metadata": {},
   "outputs": [
    {
     "name": "stdout",
     "output_type": "stream",
     "text": [
      "<class 'pandas.core.frame.DataFrame'>\n",
      "RangeIndex: 506 entries, 0 to 505\n",
      "Data columns (total 14 columns):\n",
      " #   Column    Non-Null Count  Dtype  \n",
      "---  ------    --------------  -----  \n",
      " 0   response  506 non-null    int64  \n",
      " 1   V1        506 non-null    float64\n",
      " 2   V2        506 non-null    float64\n",
      " 3   V3        506 non-null    float64\n",
      " 4   V4        506 non-null    int64  \n",
      " 5   V5        506 non-null    float64\n",
      " 6   V6        506 non-null    float64\n",
      " 7   V7        506 non-null    float64\n",
      " 8   V8        506 non-null    float64\n",
      " 9   V9        506 non-null    int64  \n",
      " 10  V10       506 non-null    int64  \n",
      " 11  V11       506 non-null    float64\n",
      " 12  V12       506 non-null    float64\n",
      " 13  V13       506 non-null    float64\n",
      "dtypes: float64(10), int64(4)\n",
      "memory usage: 55.5 KB\n"
     ]
    }
   ],
   "source": [
    "# Display the dataset information \n",
    "\n",
    "BHdata.info()"
   ]
  },
  {
   "cell_type": "code",
   "execution_count": 4,
   "id": "3af099ba",
   "metadata": {},
   "outputs": [
    {
     "data": {
      "text/plain": [
       "response      5\n",
       "V1          504\n",
       "V2           26\n",
       "V3           76\n",
       "V4            2\n",
       "V5           81\n",
       "V6          446\n",
       "V7          356\n",
       "V8          412\n",
       "V9            9\n",
       "V10          66\n",
       "V11          46\n",
       "V12         357\n",
       "V13         455\n",
       "dtype: int64"
      ]
     },
     "execution_count": 4,
     "metadata": {},
     "output_type": "execute_result"
    }
   ],
   "source": [
    "# Display the unique values for each varaiable\n",
    "\n",
    "BHdata.nunique()"
   ]
  },
  {
   "cell_type": "code",
   "execution_count": 5,
   "id": "63585f69",
   "metadata": {},
   "outputs": [
    {
     "name": "stdout",
     "output_type": "stream",
     "text": [
      "2    239\n",
      "3    123\n",
      "1     77\n",
      "4     36\n",
      "5     31\n",
      "Name: response, dtype: int64\n",
      "0.01501     2\n",
      "14.33370    2\n",
      "0.57834     1\n",
      "0.97617     1\n",
      "2.14918     1\n",
      "           ..\n",
      "0.51183     1\n",
      "0.08221     1\n",
      "0.05302     1\n",
      "0.25356     1\n",
      "8.24809     1\n",
      "Name: V1, Length: 504, dtype: int64\n",
      "0.0      372\n",
      "20.0      21\n",
      "80.0      15\n",
      "12.5      10\n",
      "25.0      10\n",
      "22.0      10\n",
      "40.0       7\n",
      "30.0       6\n",
      "45.0       6\n",
      "90.0       5\n",
      "95.0       4\n",
      "21.0       4\n",
      "60.0       4\n",
      "33.0       4\n",
      "28.0       3\n",
      "52.5       3\n",
      "75.0       3\n",
      "34.0       3\n",
      "35.0       3\n",
      "70.0       3\n",
      "55.0       3\n",
      "82.5       2\n",
      "85.0       2\n",
      "17.5       1\n",
      "100.0      1\n",
      "18.0       1\n",
      "Name: V2, dtype: int64\n",
      "18.10    132\n",
      "19.58     30\n",
      "8.14      22\n",
      "6.20      18\n",
      "21.89     15\n",
      "        ... \n",
      "4.15       1\n",
      "1.76       1\n",
      "1.38       1\n",
      "2.01       1\n",
      "1.89       1\n",
      "Name: V3, Length: 76, dtype: int64\n",
      "0    471\n",
      "1     35\n",
      "Name: V4, dtype: int64\n",
      "0.538    23\n",
      "0.713    18\n",
      "0.437    17\n",
      "0.871    16\n",
      "0.489    15\n",
      "         ..\n",
      "0.394     1\n",
      "0.518     1\n",
      "0.435     1\n",
      "0.385     1\n",
      "0.422     1\n",
      "Name: V5, Length: 81, dtype: int64\n",
      "6.127    3\n",
      "6.417    3\n",
      "6.405    3\n",
      "5.713    3\n",
      "6.167    3\n",
      "        ..\n",
      "7.287    1\n",
      "6.341    1\n",
      "6.762    1\n",
      "6.174    1\n",
      "5.960    1\n",
      "Name: V6, Length: 446, dtype: int64\n",
      "100.0    43\n",
      "96.0      4\n",
      "87.9      4\n",
      "97.9      4\n",
      "95.4      4\n",
      "         ..\n",
      "81.7      1\n",
      "84.2      1\n",
      "33.0      1\n",
      "91.6      1\n",
      "93.4      1\n",
      "Name: V7, Length: 356, dtype: int64\n",
      "3.4952    5\n",
      "5.7209    4\n",
      "5.4007    4\n",
      "5.2873    4\n",
      "6.8147    4\n",
      "         ..\n",
      "2.9084    1\n",
      "2.1974    1\n",
      "1.5296    1\n",
      "1.9356    1\n",
      "1.5166    1\n",
      "Name: V8, Length: 412, dtype: int64\n",
      "24    132\n",
      "5     115\n",
      "4     110\n",
      "3      38\n",
      "6      26\n",
      "2      24\n",
      "8      24\n",
      "1      20\n",
      "7      17\n",
      "Name: V9, dtype: int64\n",
      "666    132\n",
      "307     40\n",
      "403     30\n",
      "437     15\n",
      "304     14\n",
      "      ... \n",
      "313      1\n",
      "226      1\n",
      "280      1\n",
      "241      1\n",
      "469      1\n",
      "Name: V10, Length: 66, dtype: int64\n",
      "20.2    140\n",
      "14.7     34\n",
      "21.0     27\n",
      "17.8     23\n",
      "19.2     19\n",
      "17.4     18\n",
      "18.6     17\n",
      "19.1     17\n",
      "16.6     16\n",
      "18.4     16\n",
      "21.2     15\n",
      "15.2     13\n",
      "13.0     12\n",
      "17.9     11\n",
      "20.9     11\n",
      "18.7      9\n",
      "19.6      8\n",
      "19.7      8\n",
      "17.6      7\n",
      "16.4      6\n",
      "16.0      5\n",
      "16.1      5\n",
      "16.9      5\n",
      "20.1      5\n",
      "18.0      5\n",
      "18.3      4\n",
      "18.5      4\n",
      "17.0      4\n",
      "14.9      4\n",
      "16.8      4\n",
      "18.2      4\n",
      "19.0      4\n",
      "12.6      3\n",
      "14.8      3\n",
      "15.3      3\n",
      "18.9      3\n",
      "22.0      2\n",
      "18.8      2\n",
      "15.9      2\n",
      "15.6      2\n",
      "15.1      1\n",
      "13.6      1\n",
      "15.5      1\n",
      "21.1      1\n",
      "17.3      1\n",
      "14.4      1\n",
      "Name: V11, dtype: int64\n",
      "396.90    121\n",
      "393.74      3\n",
      "395.24      3\n",
      "395.69      2\n",
      "388.45      2\n",
      "         ... \n",
      "88.27       1\n",
      "16.45       1\n",
      "392.40      1\n",
      "393.30      1\n",
      "395.18      1\n",
      "Name: V12, Length: 357, dtype: int64\n",
      "6.36     3\n",
      "8.05     3\n",
      "14.10    3\n",
      "18.13    3\n",
      "7.79     3\n",
      "        ..\n",
      "14.43    1\n",
      "11.65    1\n",
      "29.93    1\n",
      "18.66    1\n",
      "9.25     1\n",
      "Name: V13, Length: 455, dtype: int64\n"
     ]
    }
   ],
   "source": [
    "# Display all values in the columns\n",
    "\n",
    "for i in BHdata.columns:\n",
    "    print(BHdata[i].value_counts())"
   ]
  },
  {
   "cell_type": "code",
   "execution_count": 6,
   "id": "e211d1a7",
   "metadata": {},
   "outputs": [],
   "source": [
    "# Identify the Target and Independent variable\n",
    "\n",
    "IndepVar = []\n",
    "\n",
    "for col in BHdata.columns:\n",
    "    if col != 'response':\n",
    "        IndepVar.append(col)\n",
    "        \n",
    "TargetVar = 'response'\n",
    "\n",
    "x = BHdata[IndepVar]\n",
    "y = BHdata[TargetVar]"
   ]
  },
  {
   "cell_type": "code",
   "execution_count": 7,
   "id": "be1737f2",
   "metadata": {},
   "outputs": [],
   "source": [
    "# Split the dataset into train and test\n",
    "\n",
    "from sklearn.model_selection import train_test_split\n",
    "\n",
    "x_train, x_test, y_train, y_test = train_test_split(x, y, test_size = 0.3, random_state = 42)"
   ]
  },
  {
   "cell_type": "markdown",
   "id": "b1061054",
   "metadata": {},
   "source": [
    "# Multiple logistic regression"
   ]
  },
  {
   "cell_type": "code",
   "execution_count": 8,
   "id": "83f42972",
   "metadata": {},
   "outputs": [],
   "source": [
    "# To build the 'Logistic Regression' model with random sampling\n",
    "\n",
    "from sklearn.linear_model import LogisticRegression \n",
    "BHdataLR = LogisticRegression(multi_class='multinomial', penalty='none', solver='newton-cg', random_state=0) \n",
    "BHdataLR = BHdataLR.fit(x_train,y_train)"
   ]
  },
  {
   "cell_type": "code",
   "execution_count": 9,
   "id": "d84a4cf6",
   "metadata": {},
   "outputs": [],
   "source": [
    "# Predict the model with test data\n",
    "\n",
    "y_pred = BHdataLR.predict(x_test)"
   ]
  },
  {
   "cell_type": "code",
   "execution_count": 10,
   "id": "c52f0756",
   "metadata": {
    "scrolled": true
   },
   "outputs": [
    {
     "name": "stdout",
     "output_type": "stream",
     "text": [
      "[[14  4  0  0  0]\n",
      " [15 44 15  1  0]\n",
      " [ 0  9 24  3  1]\n",
      " [ 0  0  2  7  3]\n",
      " [ 1  0  0  3  6]]\n",
      "Print Class: 0\n",
      "TP=14, FP=4, TN=118, FN=16\n",
      "Accuracy: 0.868\n",
      "Precision: 0.778\n",
      "Sensitivity: 0.467\n",
      "F1-Score: 0.583\n",
      "Specificity: 0.967\n",
      "Balanced Accuracy: 0.717\n",
      "MCC: 0.534\n",
      "\n",
      "Print Class: 1\n",
      "TP=44, FP=31, TN=64, FN=13\n",
      "Accuracy: 0.711\n",
      "Precision: 0.587\n",
      "Sensitivity: 0.772\n",
      "F1-Score: 0.667\n",
      "Specificity: 0.674\n",
      "Balanced Accuracy: 0.723\n",
      "MCC: 0.432\n",
      "\n",
      "Print Class: 2\n",
      "TP=24, FP=13, TN=98, FN=17\n",
      "Accuracy: 0.803\n",
      "Precision: 0.649\n",
      "Sensitivity: 0.585\n",
      "F1-Score: 0.615\n",
      "Specificity: 0.883\n",
      "Balanced Accuracy: 0.734\n",
      "MCC: 0.484\n",
      "\n",
      "Print Class: 3\n",
      "TP=7, FP=5, TN=133, FN=7\n",
      "Accuracy: 0.921\n",
      "Precision: 0.583\n",
      "Sensitivity: 0.5\n",
      "F1-Score: 0.538\n",
      "Specificity: 0.964\n",
      "Balanced Accuracy: 0.732\n",
      "MCC: 0.497\n",
      "\n",
      "Print Class: 4\n",
      "TP=6, FP=4, TN=138, FN=4\n",
      "Accuracy: 0.947\n",
      "Precision: 0.6\n",
      "Sensitivity: 0.6\n",
      "F1-Score: 0.6\n",
      "Specificity: 0.972\n",
      "Balanced Accuracy: 0.786\n",
      "MCC: 0.572\n",
      "\n"
     ]
    }
   ],
   "source": [
    "# confusion matrix in sklearn\n",
    "\n",
    "from sklearn.metrics import multilabel_confusion_matrix\n",
    "from sklearn.metrics import confusion_matrix\n",
    "from sklearn.metrics import classification_report\n",
    "from math import sqrt\n",
    "\n",
    "print(confusion_matrix(y_pred, y_test)) # Vertical is actual values & horizontal is predicted values\n",
    "\n",
    "# Actual and predicted classes\n",
    "\n",
    "lst_actual_class = y_test\n",
    "lst_predicted_class = y_pred\n",
    "\n",
    "# Class = Label 0-4\n",
    "\n",
    "lst_classes = [1, 2, 3, 4, 5]\n",
    "\n",
    "# Compute multi-class confusion matrix\n",
    "\n",
    "arr_out_matrix = multilabel_confusion_matrix(lst_actual_class, lst_predicted_class, labels=lst_classes)\n",
    "\n",
    "# Temp store results\n",
    "\n",
    "model_acc = [];\n",
    "model_recall = [];\n",
    "model_prec = [];\n",
    "model_fscore = [];\n",
    "model_spec = [];\n",
    "model_bal_acc = [];\n",
    "model_mcc = [];\n",
    "for no_class in range(len(lst_classes)):\n",
    "    arr_data = arr_out_matrix[no_class];\n",
    "    print(\"Print Class: {0}\".format(no_class));\n",
    "\n",
    "    tp = arr_data[1][1]\n",
    "    fp = arr_data[0][1]\n",
    "    tn = arr_data[0][0]\n",
    "    fn = arr_data[1][0]\n",
    "\n",
    "    sensitivity = round(tp/(tp+fn), 3);\n",
    "    specificity = round(tn/(tn+fp), 3);\n",
    "    accuracy = round((tp+tn)/(tp+fp+tn+fn), 3);\n",
    "    balanced_accuracy = round((sensitivity+specificity)/2, 3);\n",
    "\n",
    "    precision = round(tp/(tp+fp), 3);\n",
    "    f1Score = round((2*tp/(2*tp + fp + fn)), 3);\n",
    "\n",
    "    m = (tp+fp) * (tp+fn) * (tn+fp) * (tn+fn)\n",
    "    MCC = round(((tp * tn) - (fp * fn)) / sqrt(m), 3)\n",
    "    model_acc.append(accuracy);\n",
    "    model_prec.append(precision);\n",
    "    model_recall.append(sensitivity);\n",
    "    model_fscore.append(f1Score);\n",
    "    model_spec.append(specificity);\n",
    "    model_bal_acc.append(balanced_accuracy);\n",
    "    model_mcc.append(MCC);\n",
    "\n",
    "    print(\"TP={0}, FP={1}, TN={2}, FN={3}\".format(tp, fp, tn, fn));\n",
    "    print(\"Accuracy: {0}\".format(accuracy)); # Accuracy score\n",
    "    print(\"Precision: {0}\".format(precision)); # Precision score\n",
    "    print(\"Sensitivity: {0}\".format(sensitivity)); # Recall score\n",
    "    print(\"F1-Score: {0}\".format(f1Score)); # F1 score\n",
    "    print(\"Specificity: {0}\".format(specificity)); # True Nagative Rate\n",
    "    print(\"Balanced Accuracy: {0}\".format(balanced_accuracy)); # Balance accuracy score\n",
    "    print(\"MCC: {0}\\n\".format(MCC)); # Matthews Correlation Coefficient"
   ]
  },
  {
   "cell_type": "code",
   "execution_count": 11,
   "id": "f5fea71c",
   "metadata": {},
   "outputs": [
    {
     "name": "stdout",
     "output_type": "stream",
     "text": [
      "Overall Performance Prediction:\n",
      "Accuracy: 85.0%\n",
      "Precision: 63.94%\n",
      "Recall or Sensitivity: 58.48%\n",
      "F1-Score: 0.6006\n",
      "Specificity or True Nagative Rate: 89.2%\n",
      "Balanced Accuracy: 73.84%\n",
      "\n",
      "MCC: 0.5038\n",
      "\n"
     ]
    }
   ],
   "source": [
    "# OVERALL - FINAL PREDICTION PERFORMANCE\n",
    "\n",
    "# importing mean()\n",
    "\n",
    "from statistics import mean\n",
    "import math\n",
    "\n",
    "print(\"Overall Performance Prediction:\");\n",
    "print(\"Accuracy: {0}%\".format(round(mean(model_acc)*100, 4)));\n",
    "print(\"Precision: {0}%\".format(round(mean(model_prec)*100, 4)));\n",
    "print(\"Recall or Sensitivity: {0}%\".format(round(mean(model_recall)*100, 4)));\n",
    "print(\"F1-Score: {0}\".format(round(mean(model_fscore), 4)));\n",
    "print(\"Specificity or True Nagative Rate: {0}%\".format(round(mean(model_spec)*100, 4)));\n",
    "print(\"Balanced Accuracy: {0}%\\n\".format(round(mean(model_bal_acc)*100, 4)));\n",
    "print(\"MCC: {0}\\n\".format(round(mean(model_mcc), 4)));"
   ]
  },
  {
   "cell_type": "code",
   "execution_count": 12,
   "id": "d2b8e518",
   "metadata": {},
   "outputs": [
    {
     "name": "stdout",
     "output_type": "stream",
     "text": [
      "[[2.15982578e-01 7.39126157e-01 4.48746981e-02 1.65461435e-05\n",
      "  2.06459523e-08]\n",
      " [3.26701953e-01 5.82307333e-01 9.09668741e-02 3.47702858e-07\n",
      "  2.34915681e-05]\n",
      " [6.55589637e-06 3.32530589e-01 6.13955598e-01 4.43971249e-02\n",
      "  9.11013206e-03]\n",
      " [5.25861891e-01 4.53104790e-01 2.10332834e-02 2.39149086e-08\n",
      "  1.10399785e-08]\n",
      " [2.89850862e-06 9.28964599e-02 4.10889927e-01 1.66638862e-01\n",
      "  3.29571853e-01]\n",
      " [2.34351778e-03 7.43953513e-01 2.39512147e-01 1.39780902e-02\n",
      "  2.12732130e-04]\n",
      " [2.84265612e-04 2.78501020e-01 2.88281818e-01 3.37969133e-01\n",
      "  9.49637633e-02]\n",
      " [3.03157592e-02 8.09467670e-01 1.52555395e-01 7.64648441e-03\n",
      "  1.46916960e-05]\n",
      " [6.38060050e-06 1.53220583e-01 6.42737934e-01 5.66843236e-02\n",
      "  1.47350779e-01]\n",
      " [2.79280076e-11 8.42034485e-04 2.47847054e-01 4.04810369e-01\n",
      "  3.46500543e-01]\n",
      " [4.30017324e-03 5.69472029e-01 3.80604945e-01 2.31921570e-02\n",
      "  2.24306954e-02]\n",
      " [4.56753193e-01 5.30613442e-01 1.26327855e-02 5.79169144e-07\n",
      "  1.62889285e-11]\n",
      " [1.02586357e-02 6.97531290e-01 2.83874597e-01 8.19838392e-03\n",
      "  1.37093269e-04]\n",
      " [2.22671587e-03 7.34584092e-01 2.60118043e-01 3.04622814e-03\n",
      "  2.49216388e-05]\n",
      " [1.51838939e-03 5.21074921e-01 4.36929350e-01 3.94683324e-02\n",
      "  1.00900666e-03]\n",
      " [9.56624691e-06 1.80128922e-02 4.20245108e-01 4.94247544e-01\n",
      "  6.74848901e-02]\n",
      " [1.02960509e-02 8.15121021e-01 1.74251804e-01 3.28465074e-04\n",
      "  2.65873983e-06]\n",
      " [4.41098378e-05 6.68263439e-01 3.27928563e-01 3.75501098e-03\n",
      "  8.87714444e-06]\n",
      " [7.06375865e-03 6.96465819e-01 2.92726169e-01 3.26764051e-03\n",
      "  4.76613216e-04]\n",
      " [7.07646698e-03 5.99616124e-02 3.23326772e-01 5.96485107e-01\n",
      "  1.31500413e-02]\n",
      " [4.44211459e-01 5.02055193e-01 5.37329853e-02 3.37080148e-07\n",
      "  2.56603722e-08]\n",
      " [1.70015853e-01 7.23480995e-01 1.06482548e-01 3.09710274e-07\n",
      "  2.02941136e-05]\n",
      " [2.22947504e-01 6.65405354e-01 1.11042727e-01 4.31965828e-07\n",
      "  6.03983582e-04]\n",
      " [4.31682245e-03 4.15473078e-01 1.40278141e-01 1.46768832e-06\n",
      "  4.39930491e-01]\n",
      " [2.72287137e-10 3.24622953e-01 6.15794012e-01 5.87941759e-02\n",
      "  7.88859135e-04]\n",
      " [5.09792304e-06 2.67115489e-01 3.86926133e-01 3.36565823e-01\n",
      "  9.38745672e-03]\n",
      " [1.43932110e-01 8.22436025e-01 3.35893979e-02 4.24673268e-05\n",
      "  1.72093529e-13]\n",
      " [6.51359641e-07 1.59925363e-01 3.84410774e-01 1.02018122e-01\n",
      "  3.53645090e-01]\n",
      " [1.89012095e-07 4.03433515e-01 5.69519167e-01 2.59373598e-02\n",
      "  1.10976946e-03]\n",
      " [8.64282610e-05 1.28229395e-02 2.55966314e-01 2.38324697e-01\n",
      "  4.92799621e-01]\n",
      " [4.11351575e-01 5.66965696e-01 2.16808278e-02 1.90136114e-06\n",
      "  7.17876037e-10]\n",
      " [1.27567055e-02 5.85808253e-01 3.71853016e-01 2.95067852e-02\n",
      "  7.52404671e-05]\n",
      " [3.05168953e-02 4.13852674e-01 4.76514545e-01 7.62481136e-02\n",
      "  2.86777208e-03]\n",
      " [1.61609644e-06 3.41041335e-01 4.84966236e-01 7.97378444e-02\n",
      "  9.42529685e-02]\n",
      " [8.26369699e-05 4.93445745e-02 4.18438685e-01 2.63346865e-01\n",
      "  2.68787239e-01]\n",
      " [1.32041958e-03 7.80504165e-01 2.18143988e-01 3.07643312e-05\n",
      "  6.63395679e-07]\n",
      " [1.46800272e-01 8.02244778e-01 5.04480209e-02 5.06928729e-04\n",
      "  1.22572423e-11]\n",
      " [3.44286990e-05 5.10202473e-01 4.00334802e-01 8.86331535e-02\n",
      "  7.95142987e-04]\n",
      " [3.13054479e-07 3.68135304e-01 4.65149848e-01 1.66133547e-01\n",
      "  5.80988003e-04]\n",
      " [2.28284533e-01 7.65004088e-01 6.71136180e-03 1.70581622e-08\n",
      "  1.26955192e-11]\n",
      " [3.69101246e-04 5.58430251e-03 2.59494137e-01 3.02505013e-01\n",
      "  4.32047446e-01]\n",
      " [3.56232738e-02 7.65854107e-01 1.95999326e-01 2.47914801e-03\n",
      "  4.41450955e-05]\n",
      " [1.27278300e-09 5.40832320e-01 4.26633372e-01 3.25184087e-02\n",
      "  1.58979111e-05]\n",
      " [5.36579072e-01 4.42678618e-01 2.07422336e-02 7.70181977e-08\n",
      "  3.77475299e-11]\n",
      " [1.70915812e-02 8.27681457e-01 1.50678728e-01 4.54791045e-03\n",
      "  3.22731003e-07]\n",
      " [2.26651251e-05 5.49861900e-01 4.38246053e-01 1.15905756e-02\n",
      "  2.78806347e-04]\n",
      " [3.16568269e-01 6.23189624e-01 6.02386683e-02 1.40547615e-07\n",
      "  3.29781872e-06]\n",
      " [2.20514680e-01 7.15429665e-01 6.40530497e-02 1.11176436e-07\n",
      "  2.49430964e-06]\n",
      " [1.74463825e-10 1.25512021e-02 5.16031730e-01 3.70279011e-01\n",
      "  1.01138057e-01]\n",
      " [1.13068238e-01 8.25609870e-01 6.05403793e-02 7.81512668e-04\n",
      "  1.33275889e-10]\n",
      " [2.42920463e-01 7.22650834e-01 3.44174879e-02 1.12125458e-05\n",
      "  2.14545783e-09]\n",
      " [5.65949589e-01 4.00173343e-01 3.38768783e-02 1.89559892e-07\n",
      "  6.51800281e-10]\n",
      " [6.17375139e-01 3.75636859e-01 6.98799773e-03 4.30992274e-09\n",
      "  1.34246999e-11]\n",
      " [7.83225128e-03 6.13817091e-01 3.48051088e-01 3.00643432e-02\n",
      "  2.35226576e-04]\n",
      " [5.92652931e-01 3.68655491e-01 3.86913216e-02 2.48545472e-07\n",
      "  8.04432313e-09]\n",
      " [9.52081287e-12 4.73528119e-04 2.59200816e-01 3.38840324e-01\n",
      "  4.01485332e-01]\n",
      " [3.38200467e-10 1.20008039e-02 3.65033551e-01 3.91645168e-01\n",
      "  2.31320477e-01]\n",
      " [4.30969187e-01 5.39279703e-01 2.97510012e-02 1.08264152e-07\n",
      "  2.28069751e-10]\n",
      " [2.90213937e-03 7.28579391e-01 2.58238683e-01 1.02335735e-02\n",
      "  4.62129178e-05]\n",
      " [8.15465750e-07 6.08853732e-01 2.82725256e-01 1.08375948e-01\n",
      "  4.42476600e-05]\n",
      " [6.30271009e-01 3.49738412e-01 1.99905306e-02 4.62784089e-08\n",
      "  2.00066625e-09]\n",
      " [7.63118494e-01 2.24706793e-01 1.21746646e-02 4.90439227e-08\n",
      "  6.21998901e-12]\n",
      " [4.66563750e-02 7.38874548e-01 1.99854124e-01 1.45479926e-02\n",
      "  6.69602668e-05]\n",
      " [4.18949820e-01 3.84621147e-04 1.62635143e-02 8.90568376e-07\n",
      "  5.64401154e-01]\n",
      " [2.88876060e-02 8.23358366e-01 1.47416844e-01 8.94847239e-05\n",
      "  2.47699417e-04]\n",
      " [3.69122964e-09 4.09787700e-01 4.87631848e-01 1.02580393e-01\n",
      "  5.57452208e-08]\n",
      " [3.90612953e-03 5.81633472e-02 5.22750289e-01 3.56269402e-01\n",
      "  5.89108320e-02]\n",
      " [2.09682331e-03 7.82829042e-01 2.13308422e-01 1.76023394e-03\n",
      "  5.47863495e-06]\n",
      " [4.86764372e-01 4.58570054e-01 5.45203051e-02 1.47054928e-07\n",
      "  1.45121373e-04]\n",
      " [3.36763522e-09 5.44968004e-02 5.35063442e-01 3.50439250e-01\n",
      "  6.00005044e-02]\n",
      " [8.10842169e-01 1.80626891e-01 8.53091949e-03 2.04371208e-08\n",
      "  7.02768854e-11]\n",
      " [2.05307402e-03 3.84966831e-02 3.26802370e-01 5.09790583e-01\n",
      "  1.22857290e-01]\n",
      " [4.78453520e-05 5.45484339e-01 3.49360872e-01 1.05096857e-01\n",
      "  1.00875788e-05]\n",
      " [3.69264293e-02 5.46105848e-01 3.59202363e-01 5.71161702e-02\n",
      "  6.49189269e-04]\n",
      " [4.76794526e-03 6.80932157e-01 2.83039312e-01 3.11584517e-02\n",
      "  1.02133520e-04]\n",
      " [1.03535414e-04 3.40186560e-01 5.33224616e-01 1.24709125e-01\n",
      "  1.77616294e-03]\n",
      " [1.81585545e-02 7.00869351e-01 2.72720643e-01 8.25094509e-03\n",
      "  5.05713345e-07]\n",
      " [5.81359369e-10 4.95833663e-01 4.46620049e-01 5.73064158e-02\n",
      "  2.39871839e-04]\n",
      " [1.74539034e-02 4.28329436e-01 4.74910919e-01 7.49615898e-02\n",
      "  4.34415163e-03]\n",
      " [1.16565285e-03 5.84478106e-02 3.13904554e-01 1.15610057e-01\n",
      "  5.10871926e-01]\n",
      " [5.08455903e-01 4.62203399e-01 2.93405693e-02 1.28343651e-07\n",
      "  5.11186183e-10]\n",
      " [1.01180512e-08 1.13602854e-01 6.69639363e-01 1.68006263e-01\n",
      "  4.87515105e-02]\n",
      " [1.22533176e-01 7.62759078e-01 1.14608995e-01 8.66856883e-07\n",
      "  9.78839020e-05]\n",
      " [1.28645531e-05 5.12357660e-01 4.64209381e-01 1.94851773e-02\n",
      "  3.93491688e-03]\n",
      " [6.02221303e-02 7.95248754e-01 1.42767662e-01 1.75656597e-03\n",
      "  4.88793586e-06]\n",
      " [8.20065297e-04 5.55790893e-01 3.97028861e-01 4.61174124e-02\n",
      "  2.42768461e-04]\n",
      " [7.65755744e-04 2.66093530e-02 2.79571959e-01 2.76805180e-01\n",
      "  4.16247752e-01]\n",
      " [2.26851413e-03 5.35109035e-01 4.31071958e-01 3.12590372e-02\n",
      "  2.91455497e-04]\n",
      " [2.76462986e-02 8.53703084e-01 1.16425689e-01 2.22491090e-03\n",
      "  1.82987620e-08]\n",
      " [9.11599167e-02 8.20601230e-01 8.60805655e-02 2.15813331e-03\n",
      "  1.54465948e-07]\n",
      " [2.47458148e-01 7.09058573e-01 4.34765783e-02 6.67244895e-06\n",
      "  2.83231494e-08]\n",
      " [2.08913368e-03 5.72792057e-01 3.94401462e-01 2.88753577e-02\n",
      "  1.84198885e-03]\n",
      " [1.09792987e-05 4.48644056e-01 5.45421424e-01 3.87255335e-03\n",
      "  2.05098789e-03]\n",
      " [5.67916174e-03 7.14180072e-01 1.94675437e-01 1.79210365e-04\n",
      "  8.52861189e-02]\n",
      " [9.76193087e-09 7.80670829e-02 6.02862483e-01 3.15490689e-01\n",
      "  3.57973621e-03]\n",
      " [2.09531139e-05 6.01570552e-01 3.96298746e-01 1.95001752e-03\n",
      "  1.59730860e-04]\n",
      " [4.89949610e-03 6.43732803e-01 3.44503589e-01 6.72012359e-03\n",
      "  1.43988346e-04]\n",
      " [1.71183465e-05 4.37595642e-02 4.97830653e-01 4.39654461e-01\n",
      "  1.87382032e-02]\n",
      " [5.73778715e-02 7.34360690e-01 2.05833727e-01 2.41516999e-03\n",
      "  1.25416819e-05]\n",
      " [2.90315343e-05 6.02710337e-02 5.63965212e-01 3.72132286e-01\n",
      "  3.60243724e-03]\n",
      " [3.35687804e-03 7.28043023e-01 2.58526027e-01 1.00334993e-02\n",
      "  4.05725155e-05]\n",
      " [5.83119879e-02 9.22736217e-01 1.89516601e-02 1.05199326e-07\n",
      "  3.02596526e-08]\n",
      " [7.00243577e-04 2.33401752e-01 1.99207318e-01 7.14478093e-04\n",
      "  5.65976208e-01]\n",
      " [5.56561881e-01 3.68061640e-01 7.53697508e-02 3.51937943e-07\n",
      "  6.37668712e-06]\n",
      " [1.44064712e-03 6.04103156e-01 3.88205372e-01 5.87850348e-03\n",
      "  3.72322034e-04]\n",
      " [7.89558069e-07 5.45869195e-01 3.06034404e-01 1.48037320e-01\n",
      "  5.82910156e-05]\n",
      " [5.92023844e-01 3.39219291e-01 6.87366597e-02 3.02546162e-07\n",
      "  1.99028828e-05]\n",
      " [2.59110983e-05 4.17985821e-01 5.19042908e-01 5.79255086e-02\n",
      "  5.01985132e-03]\n",
      " [1.96409667e-05 3.41854145e-01 5.09281505e-01 1.42437697e-01\n",
      "  6.40701226e-03]\n",
      " [4.97345766e-01 4.48306122e-01 5.43472189e-02 4.33634314e-07\n",
      "  4.59648123e-07]\n",
      " [1.26484303e-01 7.33438644e-01 1.39364599e-01 7.12351866e-04\n",
      "  1.02452478e-07]\n",
      " [1.48159891e-08 2.39890474e-01 6.16784121e-01 1.22823263e-01\n",
      "  2.05021270e-02]\n",
      " [2.88932808e-03 6.63703347e-01 3.29806361e-01 1.59152437e-03\n",
      "  2.00943904e-03]\n",
      " [7.60390606e-02 8.22949345e-01 1.00921002e-01 8.21308038e-05\n",
      "  8.46125272e-06]\n",
      " [1.60898607e-03 5.91202454e-01 3.86647655e-01 1.97157094e-02\n",
      "  8.25195503e-04]\n",
      " [9.53774716e-03 5.76166290e-01 2.43836739e-01 1.77488347e-06\n",
      "  1.70457448e-01]\n",
      " [1.19043794e-01 8.11490350e-01 6.94420164e-02 2.31604524e-05\n",
      "  6.78525513e-07]\n",
      " [6.95777457e-01 2.94563858e-01 9.65867843e-03 6.28641946e-09\n",
      "  2.32188424e-10]\n",
      " [1.52461226e-04 2.37291340e-03 1.89312280e-01 3.20463386e-01\n",
      "  4.87698959e-01]\n",
      " [4.33143241e-03 6.73394823e-01 3.02473751e-01 1.97965072e-02\n",
      "  3.48647407e-06]\n",
      " [1.54240358e-02 8.05459616e-01 1.75317291e-01 3.79901699e-03\n",
      "  4.02207995e-08]\n",
      " [6.11208995e-02 7.73190566e-01 1.64655660e-01 1.50360665e-06\n",
      "  1.03137084e-03]\n",
      " [1.21693580e-03 5.38145534e-01 4.30877496e-01 2.73311241e-02\n",
      "  2.42891012e-03]\n",
      " [1.53078404e-03 7.91625383e-01 2.03916580e-01 2.92696069e-03\n",
      "  2.92931533e-07]\n",
      " [4.93808426e-01 4.86186625e-01 2.00046336e-02 2.15729955e-08\n",
      "  2.94520386e-07]\n",
      " [1.14692983e-03 4.09424527e-01 5.09035169e-01 7.55499160e-02\n",
      "  4.84345845e-03]\n",
      " [7.36708425e-03 7.03750646e-01 2.15622691e-01 2.29429517e-04\n",
      "  7.30301492e-02]\n",
      " [2.82148275e-01 6.52766751e-01 6.49987620e-02 8.61850995e-05\n",
      "  2.65632870e-08]\n",
      " [2.99675669e-02 8.94857827e-01 7.51711403e-02 3.46532320e-06\n",
      "  9.43205645e-12]\n",
      " [7.03130492e-01 2.71707320e-01 2.51620007e-02 1.87452227e-07\n",
      "  3.28808774e-10]\n",
      " [3.88081125e-05 5.31164191e-01 4.04773380e-01 6.36608274e-02\n",
      "  3.62793550e-04]\n",
      " [1.05721661e-05 5.56260179e-01 4.32482595e-01 1.11489044e-02\n",
      "  9.77487867e-05]\n",
      " [2.48747058e-01 6.31477671e-01 1.19616409e-01 5.80490340e-07\n",
      "  1.58282012e-04]\n",
      " [1.35100955e-04 7.72245271e-01 2.24463842e-01 3.15570792e-03\n",
      "  7.86586972e-08]\n",
      " [4.97487685e-02 7.86860040e-01 1.61555184e-01 1.73480483e-03\n",
      "  1.01203118e-04]\n",
      " [6.85957631e-02 7.60132826e-01 1.71023763e-01 5.31903010e-07\n",
      "  2.47116124e-04]\n",
      " [8.47374782e-03 5.73285050e-01 3.41871842e-01 7.62960442e-02\n",
      "  7.33159043e-05]\n",
      " [7.74245812e-01 2.08526702e-01 1.72274098e-02 7.69498482e-08\n",
      "  9.80594405e-11]\n",
      " [5.98138838e-02 7.83043828e-01 1.56440755e-01 7.01173579e-04\n",
      "  3.59024419e-07]\n",
      " [6.16732733e-01 3.70653043e-01 1.26142024e-02 1.05678576e-08\n",
      "  1.11332083e-08]\n",
      " [6.22645315e-01 3.25214562e-01 5.21292132e-02 1.96812853e-07\n",
      "  1.07131457e-05]\n",
      " [1.31923420e-01 6.60300257e-01 1.89539183e-01 1.23472850e-06\n",
      "  1.82359051e-02]\n",
      " [3.81403535e-01 5.56744834e-01 6.18508403e-02 2.16616119e-07\n",
      "  5.74314035e-07]\n",
      " [3.34937082e-03 7.07888622e-01 2.88205366e-01 5.03909096e-04\n",
      "  5.27324013e-05]\n",
      " [3.23414416e-10 2.64708923e-02 6.22200630e-01 3.21290282e-01\n",
      "  3.00381957e-02]\n",
      " [1.90069979e-02 8.49134575e-01 1.29421330e-01 2.43706289e-03\n",
      "  3.44628768e-08]\n",
      " [3.71353923e-03 8.40717794e-01 1.55553400e-01 1.52473522e-05\n",
      "  1.89310841e-08]\n",
      " [1.51607170e-03 3.67950278e-01 3.57934453e-01 2.70513820e-01\n",
      "  2.08537689e-03]\n",
      " [6.59466683e-01 3.29430682e-01 1.11026258e-02 8.96971723e-09\n",
      "  2.75054880e-10]\n",
      " [3.22594761e-03 6.52423546e-01 3.28507405e-01 1.55734110e-02\n",
      "  2.69690880e-04]\n",
      " [5.50927711e-02 6.48332189e-01 2.88562011e-01 2.08610198e-06\n",
      "  8.01094296e-03]\n",
      " [3.39095306e-03 9.37827241e-02 3.42443990e-01 4.90462048e-01\n",
      "  6.99202849e-02]]\n"
     ]
    }
   ],
   "source": [
    "# Fit OneVsRestClassifier model to calculate the ROC SUC and plot ROC curve\n",
    "\n",
    "from sklearn.multiclass import OneVsRestClassifier\n",
    "\n",
    "modelORC = OneVsRestClassifier(LogisticRegression())\n",
    "modelORC.fit(x_train, y_train)\n",
    "y1_pred = modelORC.predict(x_test)\n",
    "y1_pred_proba = modelORC.predict_proba(x_test)\n",
    "print(y1_pred_proba)"
   ]
  },
  {
   "cell_type": "code",
   "execution_count": 13,
   "id": "129d499e",
   "metadata": {},
   "outputs": [
    {
     "name": "stdout",
     "output_type": "stream",
     "text": [
      "ROC Score:  0.867\n"
     ]
    }
   ],
   "source": [
    "# ROC AUC SCORE\n",
    "from sklearn.metrics import roc_curve, auc\n",
    "from sklearn.metrics import roc_auc_score\n",
    "\n",
    "ROC_AUC_Score = roc_auc_score(y_test, y1_pred_proba, multi_class='ovr', average='weighted')\n",
    "print('ROC Score: ', round(ROC_AUC_Score, 3))"
   ]
  },
  {
   "cell_type": "markdown",
   "id": "267e1069",
   "metadata": {},
   "source": [
    "# Decision Tree\n"
   ]
  },
  {
   "cell_type": "code",
   "execution_count": 14,
   "id": "e30f8c05",
   "metadata": {},
   "outputs": [],
   "source": [
    "# To build the decision tree model with random sampling\n",
    "\n",
    "from sklearn.tree import DecisionTreeClassifier\n",
    "\n",
    "BHdataDR = DecisionTreeClassifier(ccp_alpha=0.0, class_weight=None, criterion='gini',\n",
    "max_depth=3, max_features=None, max_leaf_nodes=None,\n",
    "min_impurity_decrease=0.0, min_impurity_split=None,\n",
    "min_samples_leaf=1, min_samples_split=2,min_weight_fraction_leaf=0.0,\n",
    "random_state=None, splitter='best')\n",
    "\n",
    "BHdataDR = BHdataDR.fit(x_train,y_train)"
   ]
  },
  {
   "cell_type": "code",
   "execution_count": 15,
   "id": "ad34a748",
   "metadata": {},
   "outputs": [
    {
     "name": "stdout",
     "output_type": "stream",
     "text": [
      "{'ccp_alpha': 0.0, 'class_weight': None, 'criterion': 'gini', 'max_depth': 3, 'max_features': None, 'max_leaf_nodes': None, 'min_impurity_decrease': 0.0, 'min_impurity_split': None, 'min_samples_leaf': 1, 'min_samples_split': 2, 'min_weight_fraction_leaf': 0.0, 'random_state': None, 'splitter': 'best'}\n"
     ]
    }
   ],
   "source": [
    "# Display all Algorithm parameters\n",
    "\n",
    "params1 = BHdataDR.get_params()\n",
    "print(params1)"
   ]
  },
  {
   "cell_type": "code",
   "execution_count": 16,
   "id": "6db0c289",
   "metadata": {},
   "outputs": [],
   "source": [
    "# Predict the model with test data\n",
    "\n",
    "y1_pred = BHdataDR.predict(x_test)"
   ]
  },
  {
   "cell_type": "code",
   "execution_count": 17,
   "id": "eee4af25",
   "metadata": {
    "scrolled": true
   },
   "outputs": [
    {
     "name": "stdout",
     "output_type": "stream",
     "text": [
      "[[14  4  0  0  0]\n",
      " [15 44 15  1  0]\n",
      " [ 0  9 24  3  1]\n",
      " [ 0  0  2  7  3]\n",
      " [ 1  0  0  3  6]]\n",
      "Print Class: 0\n",
      "TP=17, FP=4, TN=118, FN=13\n",
      "Accuracy: 0.888\n",
      "Precision: 0.81\n",
      "Sensitivity: 0.567\n",
      "F1-Score: 0.667\n",
      "Specificity: 0.967\n",
      "Balanced Accuracy: 0.767\n",
      "MCC: 0.616\n",
      "\n",
      "Print Class: 1\n",
      "TP=45, FP=32, TN=63, FN=12\n",
      "Accuracy: 0.711\n",
      "Precision: 0.584\n",
      "Sensitivity: 0.789\n",
      "F1-Score: 0.672\n",
      "Specificity: 0.663\n",
      "Balanced Accuracy: 0.726\n",
      "MCC: 0.438\n",
      "\n",
      "Print Class: 2\n",
      "TP=22, FP=10, TN=101, FN=19\n",
      "Accuracy: 0.809\n",
      "Precision: 0.688\n",
      "Sensitivity: 0.537\n",
      "F1-Score: 0.603\n",
      "Specificity: 0.91\n",
      "Balanced Accuracy: 0.724\n",
      "MCC: 0.486\n",
      "\n",
      "Print Class: 3\n",
      "TP=11, FP=4, TN=134, FN=3\n",
      "Accuracy: 0.954\n",
      "Precision: 0.733\n",
      "Sensitivity: 0.786\n",
      "F1-Score: 0.759\n",
